,Tmax,Tmin,Tavg,Depart,DewPoint,WetBulb,Heat,Cool,Sunrise,Sunset,CodeSum,Depth,Water1,SnowFall,PrecipTotal,StnPressure,SeaLevel,ResultSpeed,ResultDir,AvgSpeed,Date
0,78.9,57.3,68.3,5.7,49.0,57.8,1.3,4.6,423.1,1913.9,"['RA', 'HZ', 'BR', 'TSRA']",0.0,0.0,0.0,0.1,29.4,30.1,8.0,15.9,9.8,2007-05-29
1,81.5,64.0,73.1,8.1,60.0,64.8,0.1,8.1,419.3,1919.6,"['HZ', 'TSRA', 'VCTS', 'RA', 'BR']",0.0,0.0,0.0,0.1,29.2,29.8,7.0,20.9,8.2,2007-06-05
2,78.6,63.3,71.2,0.6,56.3,62.7,0.0,6.2,416.6,1930.6,"['RA', 'HZ', 'BR']",0.0,0.0,0.0,0.1,29.3,30.0,6.5,14.1,8.6,2007-06-26
3,80.2,65.0,72.8,2.0,61.6,65.6,0.0,7.8,417.6,1931.0,"['HZ', 'TSRA', 'VCTS', 'RA', 'BR']",0.0,0.0,0.0,0.1,29.4,30.0,7.3,12.6,8.5,2007-06-29
4,80.9,62.5,71.9,0.1,59.3,64.2,0.2,7.1,418.6,1931.0,"['HZ', 'TSRA', 'VCTS', 'RA', 'BR']",0.0,0.0,0.0,0.1,29.4,30.1,7.4,10.1,8.4,2007-07-02
5,89.1,69.4,79.4,7.0,63.6,68.9,0.0,14.4,423.4,1929.6,"['FU', 'HZ', 'TSRA', 'VCTS', 'RA', 'BR']",0.0,0.0,0.0,0.1,29.2,29.9,6.6,22.4,8.8,2007-07-11
6,80.5,62.7,71.9,-1.6,55.4,62.0,0.0,6.9,428.4,1926.6,"['VCTS', 'RA', 'BR', 'TSRA']",0.0,0.0,0.0,0.0,29.2,29.9,5.9,21.9,8.6,2007-07-18
7,81.6,63.6,72.9,-0.7,57.9,63.7,0.0,7.9,429.3,1926.0,"['TS', 'HZ', 'TSRA', 'VCTS', 'RA', 'BR']",0.0,0.0,0.0,0.2,29.2,29.9,6.0,21.1,8.5,2007-07-19
8,80.3,62.3,71.6,-2.7,57.5,63.2,0.0,6.6,434.3,1921.7,"['TS', 'DZ', 'HZ', 'TSRA', 'VCTS', 'RA', 'BR']",0.0,0.0,0.0,0.2,29.4,30.1,5.7,13.9,7.7,2007-07-25
9,80.3,62.8,71.9,-2.3,56.7,62.9,0.0,6.9,436.0,1920.1,"['TS', 'HZ', 'TSRA', 'RA', 'BR']",0.0,0.0,0.0,0.1,29.4,30.1,5.2,14.4,6.6,2007-07-27
10,84.7,67.2,76.2,2.1,61.6,67.0,0.0,11.2,441.0,1915.9,"['TS', 'HZ', 'TSRA', 'RA', 'BR']",0.0,0.0,0.0,0.1,29.3,30.0,5.5,12.1,7.2,2007-08-01
11,85.8,67.0,76.6,2.7,61.9,67.4,0.0,11.6,442.0,1914.9,"['TS', 'HZ', 'TSRA', 'RA', 'BR']",0.0,0.0,0.0,0.1,29.3,30.0,5.0,10.3,6.8,2007-08-02
12,86.9,67.9,77.6,3.7,62.0,67.9,0.0,12.6,443.0,1913.7,"['RA', 'HZ', 'BR']",0.0,0.0,0.0,0.0,29.3,30.0,4.8,10.6,6.4,2007-08-03
13,88.1,69.7,79.2,6.0,63.9,69.5,0.0,14.2,447.0,1909.1,"['TS', 'HZ', 'TSRA', 'VCTS', 'RA', 'BR']",0.0,0.0,0.0,0.2,29.3,29.9,4.2,12.2,6.0,2007-08-07
14,88.4,70.3,79.6,6.4,65.6,70.6,0.0,14.6,448.0,1907.9,"['TS', 'HZ', 'TSRA', 'VCTS', 'RA', 'BR']",0.0,0.0,0.0,0.3,29.2,29.9,4.6,14.9,6.6,2007-08-08
15,87.7,70.9,79.6,6.3,66.9,71.2,0.0,14.6,449.0,1906.7,"['TS', 'DZ', 'HZ', 'TSRA', 'VCTS', 'RA', 'BR']",0.0,0.0,0.0,0.3,29.2,29.9,4.5,13.9,7.0,2007-08-09
16,85.4,69.2,77.6,4.3,66.4,70.3,0.0,12.6,455.0,1876.1,"['TS', 'DZ', 'HZ', 'TSRA', 'RA', 'BR']",0.0,0.0,0.0,0.1,29.3,30.0,3.8,13.1,6.3,2007-08-15
17,84.5,68.9,77.0,3.9,65.9,69.9,0.0,12.0,456.0,1869.1,"['TS', 'HZ', 'TSRA', 'RA', 'BR']",0.0,0.0,0.0,0.2,29.3,30.0,4.0,13.6,6.3,2007-08-16
18,83.4,68.0,76.0,3.0,65.0,69.1,0.0,11.0,462.7,1862.0,"['TS', 'HZ', 'TSRA', 'RA', 'BR']",0.0,0.0,0.0,0.2,29.3,30.0,4.2,9.7,6.2,2007-08-17
19,76.4,64.9,71.0,-1.1,62.6,65.8,0.1,6.1,489.6,1850.7,"['TS', 'HZ', 'TSRA', 'RA', 'BR']",0.0,0.0,0.0,0.5,29.3,30.0,4.8,14.5,6.9,2007-08-21
20,76.7,65.5,71.4,-0.6,63.1,66.1,0.1,6.4,496.3,1849.3,"['TS', 'HZ', 'TSRA', 'RA', 'BR']",0.0,0.0,0.0,0.4,29.3,30.0,4.4,13.6,6.6,2007-08-22
21,79.6,65.7,72.9,1.3,64.1,67.0,0.1,8.0,504.1,1846.3,"['TS', 'HZ', 'TSRA', 'VCTS', 'RA', 'BR']",0.0,0.0,0.0,0.7,29.3,30.0,5.2,18.5,7.6,2007-08-24
22,82.8,66.2,74.8,4.1,64.9,68.1,0.0,9.8,508.7,1840.1,"['TS', 'HZ', 'TSRA', 'VCTS', 'RA', 'BR']",0.0,0.0,0.0,0.5,29.3,29.9,5.1,18.8,7.3,2007-08-28
23,82.9,62.4,72.9,3.6,58.6,64.4,0.0,7.9,516.0,1829.0,[],0.0,0.0,0.0,0.0,29.4,30.1,5.5,12.7,7.0,2007-09-04
24,82.7,62.0,72.6,3.4,57.7,63.9,0.0,7.6,517.0,1827.3,[],0.0,0.0,0.0,0.0,29.4,30.1,4.7,13.1,6.4,2007-09-05
25,83.4,62.1,72.9,4.0,57.4,63.9,0.0,7.9,518.0,1825.7,['RA'],0.0,0.0,0.0,0.0,29.4,30.1,4.8,15.4,6.1,2007-09-06
26,79.9,63.9,72.1,5.3,59.4,64.1,0.7,7.8,524.0,1815.4,"['RA', 'HZ', 'TSRA', 'BR']",0.0,0.0,0.0,0.1,29.3,30.0,9.2,14.5,10.6,2007-09-12
27,70.8,47.8,59.5,-5.6,41.6,50.6,5.9,0.4,530.0,1793.1,[],0.0,0.0,0.0,0.0,29.4,30.1,7.6,21.9,9.5,2007-09-18
28,73.3,49.8,61.8,-3.3,43.6,52.5,5.3,2.1,531.1,1785.4,[],0.0,0.0,0.0,0.0,29.4,30.1,7.7,20.5,9.4,2007-09-19
29,82.1,59.9,71.2,7.7,53.9,61.3,0.1,6.4,536.9,1752.9,['HZ'],0.0,0.0,0.0,0.0,29.4,30.1,7.5,15.0,9.3,2007-09-24
30,83.6,62.1,73.1,10.0,55.9,62.9,0.1,8.2,538.0,1751.1,['HZ'],0.0,0.0,0.0,0.0,29.4,30.1,7.4,15.3,9.3,2007-09-25
31,76.2,55.3,65.9,6.9,50.6,57.5,0.8,1.7,547.0,1735.4,"['DZ', 'FG+', 'TSRA', 'BCFG', 'RA', 'BR', 'MIFG']",0.0,0.0,0.0,0.1,29.4,30.1,7.5,18.9,8.9,2007-10-04
32,83.2,61.6,72.7,15.0,60.0,65.1,0.0,7.7,552.7,1727.0,"['FG+', 'HZ', 'RA', 'BR', 'MIFG']",0.0,0.0,0.0,0.0,29.3,30.0,6.6,20.4,7.6,2007-10-09
33,74.1,55.5,64.9,2.7,49.7,56.2,1.5,1.4,423.9,1913.0,"['DZ', 'HZ', 'TSRA', 'RA', 'BR']",0.0,0.0,0.0,0.2,29.3,30.0,7.8,10.6,9.2,2009-05-28
34,74.0,52.6,63.5,-0.9,50.4,55.7,1.9,0.4,420.7,1917.3,"['DZ', 'HZ', 'TSRA', 'RA', 'BR']",0.0,0.0,0.0,0.3,29.1,29.8,3.9,23.1,7.5,2009-06-02
35,71.9,51.8,62.1,-2.6,49.6,54.9,3.3,0.4,420.3,1918.0,"['DZ', 'HZ', 'TSRA', 'RA', 'BR']",0.0,0.0,0.0,0.1,29.2,29.9,4.1,22.8,7.7,2009-06-03
36,70.8,48.7,59.9,-5.1,44.9,52.0,5.3,0.2,419.3,1919.6,"['RA', 'TSRA', 'BR']",0.0,0.0,0.0,0.1,29.3,30.0,4.6,16.2,7.9,2009-06-05
37,70.6,52.7,62.0,-4.9,51.2,55.9,3.4,0.4,416.6,1924.6,"['DZ', 'HZ', 'TSRA', 'RA', 'BR']",0.0,0.0,0.0,0.1,29.2,29.9,6.1,11.0,8.1,2009-06-12
38,70.5,53.4,62.1,-5.1,52.1,56.4,3.2,0.4,416.1,1926.3,"['DZ', 'HZ', 'TSRA', 'RA', 'BR']",0.0,0.0,0.0,0.2,29.2,29.9,6.5,7.6,7.7,2009-06-15
39,74.4,56.8,65.7,-3.4,53.9,59.3,1.1,1.9,416.0,1928.1,"['RA', 'HZ', 'BR', 'TSRA']",0.0,0.0,0.0,0.2,29.2,29.9,5.9,12.4,7.2,2009-06-19
40,80.6,63.6,72.3,2.0,60.6,65.1,0.0,7.3,416.0,1929.3,"['TS', 'HZ', 'TSRA', 'RA', 'BR']",0.0,0.0,0.0,0.5,29.1,29.8,6.2,17.9,7.9,2009-06-22
41,89.8,70.9,80.7,10.1,66.9,71.1,0.0,15.7,416.6,1930.6,"['TS', 'RA', 'TSRA', 'BR']",0.0,0.0,0.0,0.4,29.1,29.8,4.2,18.7,6.2,2009-06-26
42,89.6,70.5,80.5,9.4,63.7,69.4,0.0,15.5,417.6,1931.0,"['TS', 'RA', 'TSRA', 'BR']",0.0,0.0,0.0,0.1,29.1,29.8,5.2,18.7,7.0,2009-06-29
43,73.1,60.4,67.0,-5.6,55.3,60.3,0.8,2.8,420.4,1930.7,"['DZ', 'FU', 'HZ', 'RA', 'BR']",0.0,0.0,0.0,0.0,29.2,29.8,5.8,27.0,7.3,2009-07-06
44,76.8,61.2,69.1,-4.1,56.3,61.8,0.2,4.4,422.9,1929.9,"['RA', 'HZ', 'BR', 'FU']",0.0,0.0,0.0,0.0,29.3,30.0,4.2,17.4,5.9,2009-07-10
45,79.7,62.2,71.1,-2.7,56.6,62.7,0.1,6.3,424.7,1929.0,"['RA', 'HZ', 'BR', 'TSRA']",0.0,0.0,0.0,0.1,29.3,30.0,5.2,19.6,6.5,2009-07-13
46,82.2,63.0,72.9,-1.6,55.7,62.9,0.0,7.9,427.6,1927.1,"['RA', 'HZ', 'BR', 'TSRA']",0.0,0.0,0.0,0.2,29.3,30.0,6.3,22.5,7.9,2009-07-17
47,75.8,59.8,68.1,-6.7,55.3,60.4,0.2,3.3,433.4,1922.6,"['TS', 'DZ', 'HZ', 'RA', 'BR']",0.0,0.0,0.0,0.0,29.3,30.0,4.9,18.2,6.5,2009-07-24
48,80.3,62.3,71.6,-3.0,58.2,63.4,0.0,6.6,436.0,1920.1,"['TS', 'DZ', 'HZ', 'TSRA', 'RA', 'BR']",0.0,0.0,0.0,0.0,29.2,29.9,6.1,18.0,7.6,2009-07-27
49,82.1,64.1,73.4,-1.3,58.1,64.1,0.0,8.4,440.0,1916.7,"['RA', 'TSRA']",0.0,0.0,0.0,0.0,29.1,29.8,7.5,24.7,8.7,2009-07-31
50,80.9,62.8,72.1,-1.9,56.2,62.6,0.0,7.1,447.0,1909.1,"['RA', 'HZ', 'BR']",0.0,0.0,0.0,0.0,29.3,29.9,6.2,16.1,7.9,2009-08-07
51,83.6,66.8,75.5,2.0,62.0,66.9,0.0,10.5,453.0,1890.3,"['RA', 'BR', 'TSRA']",0.0,0.0,0.0,0.1,29.3,30.0,7.4,14.1,8.8,2009-08-13
52,76.9,60.0,68.7,-3.0,57.5,61.9,0.2,3.9,505.3,1844.7,"['RA', 'TSRA', 'BR']",0.0,0.0,0.0,0.1,29.2,29.9,7.2,19.4,9.1,2009-08-25
53,75.4,59.4,67.7,-3.4,57.9,61.7,0.2,2.9,507.6,1841.7,"['RA', 'BR']",0.0,0.0,0.0,0.1,29.3,30.0,7.2,16.6,9.0,2009-08-27
54,69.0,54.0,61.9,-7.7,51.8,56.5,3.2,0.1,515.0,1830.6,"['RA', 'DZ', 'BR']",0.0,0.0,0.0,0.2,29.4,30.1,6.4,8.1,7.4,2009-09-03
55,78.6,61.8,70.4,4.4,59.9,63.6,0.0,5.4,526.0,1812.0,"['FG+', 'FG', 'HZ', 'BR', 'MIFG']",0.0,0.0,0.0,0.0,29.4,30.1,5.2,5.6,5.9,2009-09-14
56,79.4,60.9,70.4,5.4,57.7,62.5,0.0,5.4,529.0,1800.9,"['FG+', 'FG', 'HZ', 'BR', 'MIFG']",0.0,0.0,0.0,0.0,29.4,30.1,5.1,8.0,6.2,2009-09-17
57,74.1,58.6,66.7,4.3,59.4,62.2,0.3,2.0,538.0,1751.1,"['HZ', 'RA', 'DZ', 'BR']",0.0,0.0,0.0,0.1,29.4,30.1,4.1,14.1,5.9,2009-09-25
58,66.6,53.8,60.4,0.6,50.5,55.1,5.1,0.5,544.0,1740.6,"['DZ', 'FG+', 'FG', 'TSRA', 'RA', 'BR']",0.0,0.0,0.0,0.1,29.2,29.9,7.9,18.7,9.1,2009-10-01
59,88.2,62.5,75.7,9.9,60.7,66.4,0.6,11.4,417.1,1923.3,"['RA', 'TSRA', 'BR']",0.0,0.0,0.0,0.3,29.3,29.9,7.4,17.2,9.9,2011-06-10
60,71.2,54.7,63.1,-5.4,52.1,57.0,3.0,1.1,416.0,1927.3,"['TS', 'DZ', 'FG+', 'FG', 'HZ', 'TSRA', 'RA', 'BR']",0.0,0.0,0.0,0.2,29.2,29.9,7.2,9.4,8.4,2011-06-17
61,80.2,64.3,72.5,1.9,63.7,66.8,0.0,7.5,416.3,1930.0,"['RA', 'BR', 'TSRA', 'SQ']",0.0,0.0,0.0,0.1,29.0,29.7,8.2,15.3,9.3,2011-06-24
62,77.2,61.9,69.8,-1.7,56.1,61.7,0.1,4.9,417.9,1931.0,"['RA', 'HZ', 'BR']",0.0,0.0,0.0,0.0,29.2,29.9,7.0,18.9,8.4,2011-06-30
63,87.9,67.2,77.9,4.9,58.0,66.1,0.0,12.9,423.4,1929.6,"['RA', 'HZ', 'FU']",0.0,0.0,0.0,0.0,29.3,29.9,5.5,12.4,6.5,2011-07-11
64,85.7,67.0,76.7,3.0,60.7,67.1,0.0,11.7,426.1,1928.1,"['RA', 'HZ', 'TSRA', 'BR']",0.0,0.0,0.0,0.0,29.3,29.9,6.8,11.9,8.1,2011-07-15
65,93.2,75.0,83.9,9.3,71.5,75.2,0.0,18.9,434.3,1921.7,"['TS', 'HZ', 'TSRA', 'VCTS', 'RA', 'VCFG', 'BR']",0.0,0.0,0.0,0.6,29.2,29.9,4.8,19.6,8.2,2011-07-25
66,88.5,71.5,79.8,5.3,67.9,71.8,0.0,14.8,438.0,1918.4,"['TS', 'TSRA', 'VCTS', 'RA', 'VCFG', 'BR']",0.0,0.0,0.0,0.8,29.2,29.9,3.3,19.0,7.3,2011-07-29
67,88.7,71.6,80.4,6.6,68.4,72.4,0.0,15.4,445.0,1911.4,"['TS', 'HZ', 'BR', 'TSRA']",0.0,0.0,0.0,0.1,29.3,29.9,5.1,13.3,6.3,2011-08-05
68,82.1,66.4,74.4,0.7,63.3,67.4,0.0,9.4,452.0,1897.3,"['RA', 'HZ', 'BR', 'TSRA']",0.0,0.0,0.0,0.2,29.1,29.8,4.7,17.6,6.4,2011-08-12
69,81.8,63.0,72.7,-0.1,59.5,64.6,0.0,7.7,476.1,1853.6,"['TS', 'HZ', 'TSRA', 'RA', 'BR', 'GR']",0.0,0.0,0.0,0.1,29.3,30.0,5.3,18.4,6.8,2011-08-19
70,82.1,65.1,74.0,2.7,61.9,66.2,0.0,9.0,506.4,1843.3,"['RA', 'BR', 'FG', 'TSRA']",0.0,0.0,0.0,0.2,29.2,29.9,5.0,20.9,7.0,2011-08-26
71,81.0,62.6,72.1,1.7,58.6,63.8,0.0,7.1,513.0,1833.9,['RA'],0.0,0.0,0.0,0.0,29.3,30.0,4.8,11.6,6.6,2011-09-01
72,82.7,63.8,73.4,3.1,60.2,65.4,0.0,8.4,514.0,1832.1,['RA'],0.0,0.0,0.0,0.0,29.3,30.0,5.0,11.9,6.5,2011-09-02
73,72.6,56.9,64.9,-2.3,53.1,58.2,1.8,1.7,524.0,1815.4,"['FG+', 'RA', 'DZ', 'BR']",0.0,0.0,0.0,0.0,29.4,30.0,9.4,9.9,10.0,2011-09-12
74,73.0,55.6,64.4,-1.1,53.1,58.3,3.6,3.0,528.0,1808.6,"['FG+', 'FU', 'HZ', 'RA', 'BR']",0.0,0.0,0.0,0.0,29.3,30.0,5.9,21.4,7.2,2011-09-16
75,67.2,52.6,60.1,-3.4,49.4,54.6,4.9,0.0,535.7,1754.6,"['DZ', 'FG+', 'BCFG', 'RA', 'BR', 'MIFG']",0.0,0.0,0.0,0.1,29.4,30.1,6.3,18.8,7.4,2011-09-23
76,63.3,51.6,57.7,-2.7,50.6,53.3,7.3,0.0,543.0,1742.4,"['RA', 'DZ', 'BR']",0.0,0.0,0.0,0.3,29.1,29.8,6.0,19.5,8.4,2011-09-30
77,70.8,53.4,62.4,-2.6,51.1,55.9,4.4,1.7,418.3,1921.1,"['DZ', 'HZ', 'TSRA', 'RA', 'BR']",0.0,0.0,0.0,0.1,29.2,29.9,7.3,10.2,8.6,2013-06-07
78,77.4,57.4,67.6,0.4,54.6,60.4,1.1,3.7,416.3,1925.7,"['TS', 'FG+', 'HZ', 'TSRA', 'RA', 'VCFG', 'BR']",0.0,0.0,0.0,0.2,29.2,29.9,5.8,8.9,7.4,2013-06-14
79,80.2,59.4,70.0,0.4,54.9,61.1,0.2,5.2,416.0,1929.0,"['TS', 'HZ', 'TSRA', 'RA', 'BR']",0.0,0.0,0.0,0.0,29.3,30.0,6.8,14.6,8.4,2013-06-21
80,84.7,66.7,75.9,4.4,64.9,68.4,0.0,10.9,416.9,1930.7,"['TS', 'HZ', 'TSRA', 'RA', 'BR']",0.0,0.0,0.0,0.3,29.3,30.0,6.3,18.6,8.7,2013-06-27
81,85.4,67.6,76.7,5.1,66.1,69.2,0.0,11.7,417.1,1930.9,"['TS', 'HZ', 'TSRA', 'RA', 'BR']",0.0,0.0,0.0,0.4,29.2,29.9,6.4,21.1,8.8,2013-06-28
82,79.5,62.8,71.3,-1.6,59.1,63.9,0.1,6.4,421.6,1930.4,"['DZ', 'HZ', 'TSRA', 'RA', 'BR']",0.0,0.0,0.0,0.0,29.3,30.0,6.9,14.9,7.7,2013-07-08
83,85.1,67.6,76.6,3.4,64.6,69.1,0.0,11.6,424.0,1929.3,"['RA', 'HZ', 'TSRA', 'BR']",0.0,0.0,0.0,0.1,29.3,30.0,6.4,18.1,7.3,2013-07-12
84,89.5,71.2,80.5,6.1,66.1,71.1,0.0,15.5,429.3,1926.0,['TS'],0.0,0.0,0.0,0.0,29.5,30.2,6.3,15.0,7.0,2013-07-19
85,87.0,69.9,78.6,3.7,63.1,68.7,0.0,13.6,434.3,1921.7,"['TS', 'RA', 'BR', 'TSRA']",0.0,0.0,0.0,0.1,29.2,29.9,7.2,12.6,9.3,2013-07-25
86,73.5,58.7,66.4,-8.4,55.1,59.8,0.9,2.3,441.0,1915.9,"['RA', 'HZ', 'BR', 'DZ']",0.0,0.0,0.0,0.1,29.3,30.0,5.7,21.4,7.3,2013-08-01
87,81.5,63.7,72.9,-0.9,59.9,64.8,0.0,7.9,448.0,1907.9,"['RA', 'BR']",0.0,0.0,0.0,0.1,29.3,29.9,5.9,19.2,8.1,2013-08-08
88,78.6,62.9,71.1,-2.9,56.3,62.2,0.1,6.2,455.0,1876.1,"['RA', 'DZ']",0.0,0.0,0.0,0.1,25.2,30.0,5.8,13.6,7.4,2013-08-15
89,83.1,61.1,72.3,-0.1,57.2,63.7,0.0,7.3,496.3,1849.3,"['RA', 'HZ']",0.0,0.0,0.0,0.0,29.4,30.1,5.5,16.1,6.2,2013-08-22
90,86.5,68.1,77.5,6.7,63.4,68.7,0.0,12.5,509.9,1838.6,"['RA', 'BR']",0.0,0.0,0.0,0.0,29.4,30.1,7.2,19.2,8.7,2013-08-29
91,81.5,63.5,72.9,4.3,60.6,65.1,0.0,7.9,518.0,1825.7,"['TS', 'RA', 'BR', 'TSRA']",0.0,0.0,0.0,0.1,29.3,29.9,5.8,17.5,7.3,2013-09-06
92,86.5,68.6,77.9,10.9,62.2,67.9,0.0,12.9,524.0,1815.4,['HZ'],0.0,0.0,0.0,0.0,29.3,30.0,7.9,17.7,9.2,2013-09-12
93,71.4,55.2,63.6,-1.4,50.4,56.4,3.4,2.0,531.1,1785.4,"['TS', 'DZ', 'HZ', 'RA', 'BR']",0.0,0.0,0.0,0.1,29.4,30.1,7.1,14.1,8.9,2013-09-19
94,73.2,54.4,63.2,1.1,52.3,57.1,3.9,2.1,539.0,1749.4,"['TS', 'FG', 'HZ', 'TSRA', 'RA', 'BR']",0.0,0.0,0.0,0.1,29.2,29.9,7.2,15.0,8.4,2013-09-26
